weights=ema t=[0.2, 0.4, 0.6, 0.8] n_val=512 var_donnees=0.233858

checkpoint                                    steps     params    nmse      t=0.2    t=0.4    t=0.6    t=0.8
------------------------------------------------------------------------------------------------------------
ConvScCP_UNN_rgb_k15_K20_ic256_L1_LFO       165,000  6,919,061  0.1976      0.436    0.215    0.103    0.037
ConvScCP_UNN_rgb_k9_K10_ic256_L1_LFO         55,000  1,247,691  0.2142      0.461    0.238    0.116    0.041
ConvScCP_UNN_rgb_k9_K20_ic256_L1_LFO         45,000  2,495,381  0.2157      0.456    0.241    0.121    0.046
ConvScCP_UNN_rgb_k25_K10_ic256_L1_LFO        50,000  9,603,531  0.2198      0.463    0.243    0.124    0.048
ConvScCP_UNN_rgb_k15_K15_ic512_L1_LFO        50,000 10,377,136  0.2239      0.459    0.248    0.130    0.059
------------------------------------------------------------------------------------------------------------
[ref] copie de x_t                                                          3.430    1.935    0.859    0.215
[ref] predicteur constant                                                   1.000    1.000    1.000    1.000
