coupling=ot epochs=1 lr=0.001
t	gθ_vel_init	gθ_x1_invsq_init	gθ_x1_uniform_init	gθ_vel_fin	gθ_x1_invsq_fin	gθ_x1_uniform_fin	reldiv_invsq	reldiv_uniform
0.050	1.843e+01	1.942e+01	1.750e+01	4.345e-01	1.282e-01	5.112e-02	0.224	0.226
0.090	1.823e+01	2.082e+01	1.722e+01	4.031e-01	1.492e-01	5.090e-02	0.256	0.254
0.130	1.830e+01	2.308e+01	1.749e+01	3.263e-01	1.070e-01	4.306e-02	0.295	0.296
0.170	1.857e+01	2.555e+01	1.752e+01	2.495e-01	1.379e-01	3.919e-02	0.330	0.335
0.210	1.872e+01	2.856e+01	1.776e+01	6.016e-01	2.145e-01	3.880e-02	0.392	0.383
0.250	1.867e+01	3.218e+01	1.808e+01	4.966e-01	2.013e-01	3.842e-02	0.418	0.421
0.290	1.855e+01	3.540e+01	1.783e+01	5.622e-01	2.227e-01	3.198e-02	0.489	0.481
0.330	1.856e+01	3.992e+01	1.798e+01	3.627e-01	2.210e-01	2.947e-02	0.542	0.508
0.370	1.921e+01	4.637e+01	1.844e+01	5.172e-01	3.782e-01	3.817e-02	0.571	0.574
0.410	1.942e+01	5.278e+01	1.827e+01	3.645e-01	2.368e-01	5.139e-02	0.618	0.621
0.450	1.951e+01	6.115e+01	1.845e+01	2.963e-01	3.935e-01	6.450e-02	0.674	0.662
0.490	2.026e+01	7.343e+01	1.909e+01	3.614e-01	5.356e-01	2.560e-02	0.743	0.735
0.530	2.074e+01	8.765e+01	1.944e+01	3.584e-01	3.075e-01	4.158e-02	0.826	0.796
0.570	2.114e+01	1.080e+02	1.988e+01	3.496e-01	7.042e-01	4.612e-02	0.901	0.904
0.610	2.176e+01	1.350e+02	2.037e+01	4.284e-01	9.734e-01	5.072e-02	1.032	0.978
0.650	2.239e+01	1.737e+02	2.130e+01	3.712e-01	1.004e+00	3.594e-02	1.151	1.102
0.690	2.315e+01	2.258e+02	2.165e+01	4.358e-01	1.320e+00	4.870e-02	1.329	1.260
0.730	2.363e+01	2.994e+02	2.181e+01	4.456e-01	1.310e+00	9.855e-02	1.508	1.480
0.770	2.402e+01	4.205e+02	2.234e+01	5.582e-01	2.571e+00	5.287e-02	1.760	1.749
0.810	2.483e+01	6.407e+02	2.305e+01	6.051e-01	3.757e+00	5.473e-02	2.258	2.273
0.850	2.492e+01	1.031e+03	2.322e+01	7.155e-01	6.228e+00	3.225e-02	2.925	2.827
0.890	2.528e+01	1.964e+03	2.371e+01	1.112e+00	1.020e+01	6.149e-02	4.395	4.305
0.930	2.555e+01	4.862e+03	2.375e+01	1.527e+00	2.755e+01	4.710e-02	7.561	7.521
0.970	2.527e+01	2.627e+04	2.357e+01	6.556e-01	1.690e+02	4.138e-02	11.798	11.378

RÉSUMÉ (t>0.9, signal params moyen) :
  vitesse       = 2.541e+01
  x1/invsq    = 1.557e+04  (×612.6 vs vitesse)
  x1/uniform  = 2.366e+01  (×0.9 vs vitesse)
